$ANSIBLE_VAULT;1.1;AES256
38313165333939616266656337356366333336626466313066613565396534303366643062323961
3761376663343465323533376634333731333039653837310a376632386565316264353535613364
34666531346131636465646136613766623737363365386437323065616565393530393366633064
6137393161306161380a326166323535383262636263386534663539303535646663653635316263
64653134316535633663326263343434313766656530373661363838623562396261336463633738
36396163346137353764366331363935636535616532333330393633383361353732623038313337
30363138316533346631646164396333343133316336333765646335636638643631616662353130
37313635303563613539383934623335383230336332643131613365323336313131396236626439
37646139643230313633656463386363373036613834366530643133613461663137303333383335
66376263613731653639633730393031633364326664326561336432343834323166613362666163
36363038333633646432376163313937633566636337636636323863316139366264383131333662
34383934653434656565393534323533303232616630303630343962376137383332353635313033
31313765656231626365653832666331633035623135623763323936653832663833396664393131
35383839383233343963323834366131333039333931393534313038363265386134633235343363
33326366636338336161353034303663636330363263313832366261636463666661633865613032
33663662373338353637616631353932636336616339316461336363353932306635363462363136
35313066633962346664383137663064613538616562346537353437616461376266343565396466
63303736373939303066663563343839646233363830306665653138373933383335333037636564
33323235393865346531303036323133353930333637633761316630366135356236656638306263
34646631373530613637333163616238613865353836393039626431646265373031373530633837
61303163326334616635646534646563656365626262663136633032613632613735633533663634
30633562653566366663323830386130386465656533383965323866383535616332626336376537
64306661353738363864663561623038643135306564363337613637313037303866326439643539
65376136343265633761636431353563313764353761643438336361626531653563626261376366
6639
